
 0.001857 100
 0.004218 200
 0.014573 300
 0.014457 400
 0.021787 500
 0.027994 600
 0.040527 700
 0.050738 800
 0.059049 900
 0.070788 1000
 0.09144 1100
 0.111644 1200
 0.129228 1300
 0.144857 1400
 0.155648 1500
 0.182394 1600
 0.25714 1700
 0.229214 1800
 0.247279 1900
 0.022313 500
 0.030839 600
 0.039493 700
 0.051125 800
 0.06474 900
 0.077517 1000
 0.112245 1100
 0.111882 1200
 0.133583 1300
 0.151634 1400
 0.171439 1500
 0.188122 1600
 0.21446 1700
 0.22872 1800
 0.260473 1900
 0.279406 2000
 0.295582 2100
 0.347506 2200
 0.361159 2300
 0.397704 2400
 0.463608 2500