[9.328152940798258, 0.5830462327631304, 1.2053205646002156, 2.6153362460189045, -9.936329318619833, -4.8082796802135945, -2.665441839230322, 7.01011670872013, -2.931864628805805, -5.203854112408391, 2.037343335373561, -5.293533906487318, 0.6157153437214165, -3.918297010583438, -8.90348079855617, 3.657065484190489, -0.9529415468077231, 8.800069909128053]

[8.735281085639713, -7.349354419035476, 1.4421723132389166, 6.80700277070466, 7.866432661689991, -6.096682032146213, -9.008112030040229, 5.636664778057235, -3.1083094326251297, -4.632639044563307, 8.639920567865433, -2.0166658443683514, 9.64434512575952, -7.514708349416768, -9.996060107218078, 5.718141630055168, -6.329966442088111, -9.997240270949726]

#------------------------------------------
# Resultats définitif
#------------------------------------------

Eviteur d'obstacle :
[3.0152760807777104, -8.830826040768226, -4.099400890339526, 2.765591888837083, -3.5067873607079894, -0.7320160184030771, -9.603175827716496, -1.5717312923526583, -9.110267550441604, -4.762674315012179, -9.983225329587391, 7.216960925658631, -9.829446961001894, -8.169108816906675, 3.606184617345332, 9.978836192713795, -3.751505291904133, 0.22251212407057291]
